1.5126913269107887 3.8679963832194373
-0.907683557979431 0.6117406931083544
4.7329317060180305 7.016706236778053
-0.27750481746850675 1.2821409124905927
-0.28032274519582967 1.5893473933746813
1.4975938051897293 3.9710120598179803
-0.7986101087467421 1.2250069002639241
5.203790556544486 6.787197450525594
1.4880693613725853 4.05110972178241
-1.0469352688176004 0.8410101793310102
5.411301996654032 7.0015472973206
5.139575673990875 6.939856534948803
5.023476993901242 6.974380027446978
1.661269602994439 4.972245563055224
-0.9971895472043922 1.1008944733362975
4.8064931017962165 6.822747313600089
-0.9675385110665794 0.9635756640950197
4.7202219063372475 6.8454829630980605
-0.993550393721633 0.9979124980550478
-1.2187920540942694 0.8087552294627574
4.533437017837267 6.788786383729435
-0.8492147731145948 1.363312238061475
1.5841191090127718 4.196768608187362
-1.1529889986754052 0.9831756930786306
1.0489021243719168 3.8934884713740554
-0.9844469516597824 1.0690714379353943
1.4408039294593702 4.3254625888495175
1.507215347047079 4.101820923974876
1.5641492693527517 4.002566717560059
5.281354159595107 7.054627353791707
-0.9936733303303373 1.0096749686690332
1.4625095197498814 4.004539492378491
-0.760933544111392 0.9152202849568476
4.795713344016931 6.958017465458832
1.8947611953749606 4.191060136273711
1.6386408709163196 3.9629244534997015
1.571951798615961 4.313983070992544
-1.0392961322119731 1.0922293908394107
-0.9106897036600097 1.087835860338085
-0.9037657831425235 1.0214068322654382
4.93326631120817 6.938660517833832
1.4153327685096266 3.7921725616901294
-1.3192211093209676 1.0093947024312693
-1.086150470461333 0.5086978802128926
1.1269627462010876 3.855992484426769
4.577168460214469 6.939615730042293
1.5721174011229104 3.914820845160483
-0.9068353256409303 0.6683623975562527
1.7746982553411625 3.7630666879554697
1.2080736752925652 4.171152959015682
4.367696229183425 7.197567504883748
-0.946676597067023 1.1237228391134246
4.886199657815565 6.93543315841643
-0.8800113718314412 0.9900860969586535
-0.7250416699151011 1.5384882396577568
1.5260847035670575 3.8474105326065784
1.6662863393166463 4.025719426556443
6.042870886675843 6.449020408490174
-1.0809215136925467 1.0570026747531431
-0.6160735694063371 1.1594855997342786
1.9577849466928594 4.171562163507304
-0.06417865166106984 1.1570197313634907
-1.1686217995939179 0.6646813794416917
1.0321788997143453 3.7183575576802395
1.342364070496797 4.221986267753276
4.780681589456456 7.30865722859308
-0.8623865433811714 0.8573989371408461
5.101475698465521 6.991273105497776
-1.5039530851509086 0.6297867308460452
-1.0165764011190646 0.9503930639753025
1.3525262570576881 4.258465928999111
1.6211679303139594 3.9767468086972055
4.66837770950395 6.9086205642507235
-1.0191734913542514 0.9933984635951142
5.194155540425075 6.381273177067862
1.4949560577901297 4.002739260482092
-1.188034589652577 1.3163683734984963
1.5371422778002746 3.969604671693704
-1.3103466717042238 1.2997897671628207
1.521463912741959 3.9605342602058076
5.27736004496826 6.99234748784994
5.146040890919441 6.962029359202106
1.538579909988647 4.068717885879883
-0.7344781368656481 1.4306648886325644
1.4762081733033712 3.961721261835726
4.534371406169112 6.727157343405523
5.277329943759763 6.562959463550994
1.6022867657321074 4.308966239828658
1.6890539937806366 4.0023327921528775
-1.094592680654317 0.907579567756583
1.8888683913955309 4.048372502134372
-0.8776166739104274 1.1770464483628336
1.5000229170500903 3.992703557785231
4.985233573819656 7.351146941040454
-0.997348681061015 1.079731760867534
1.7330847225952217 3.979007219661189
1.7524251488376958 3.8681575536824613
4.8364944825507195 7.27325991373082
4.900666003718178 6.60678634040731
5.308270925065221 7.265252132179899
-1.618399967840483 0.8495213571513185
-1.1488218458347004 0.9519272911522094
4.681286929806106 6.865220500111237
4.99097153361379 6.943356928112833
-1.035451718517636 1.1111960386026112
-0.793158217998356 0.931452347606196
-1.0133199547644112 0.9783567315638023
4.911480854314736 6.687688330424678
-1.4434123274432233 0.7387915675278427
4.779491181425096 6.870972215740892
-1.0138006003855202 0.6296897482677486
5.25718829189493 7.0587858474286405
1.5335524793915376 3.9128603225495593
1.5158699237831479 3.9506987189839284
1.8451050944070988 4.370198341203109
-1.197360822204887 0.7043521045368317
1.720249187924871 3.8896216402805073
5.177248328787897 7.241007609915253
1.680597816079068 3.9182915683358206
-0.691311981984724 0.6906456717926497
4.9090842764074285 7.115625469568347
5.122345853546567 7.474080128929334
4.742378864037972 6.034099592020183
1.4159418952904768 4.0782542585877035
4.498236665471549 6.865051952729667
-1.2648364182071061 0.787175213161462
1.5184333643996006 4.01990426973294
1.5652349136243562 3.955130205679906
-1.4026784114610162 1.296476455617476
1.5048743989654925 3.996542163785239
-1.2227339715816437 0.7431390992925557
5.2559163149624775 6.989651435157869
4.336321253074723 7.255121897673191
-1.0234086836067646 0.5495934838372922
-0.5168487253140306 1.266908323527989
1.420613961969302 4.007739051064144
-0.8997118005807325 0.9808319044833786
4.93324258796923 6.901766892571856
-1.4602308865099298 1.014933216458079
-1.1073436188069414 0.9991434509307744
1.7580400246133365 4.125893177380597
1.5941966790097875 4.447703989354037
5.255025700821017 7.127199880094122
-0.9674501940367165 0.9263682837758421
-1.0956414345488548 0.8015183361233456
1.510001482225294 3.9649509127999947
-0.9924051803061643 0.8708519301806823
5.040861036427486 7.076936647714998
4.993563079876367 6.997388013234286
1.4503507095028092 3.8171583175227615
1.1059028996656777 4.687054039469039
5.132737799567747 7.175197012391573
4.978052788463212 6.946288898545587
1.4387899874019343 3.8825703037712174
1.6173270380534184 4.131728573369667
-1.0861559397774008 0.7403147233114551
-1.3769129192886098 0.5787663139937322
1.306555989062253 4.2051293974376
4.876399220304124 7.018850875697719
-1.5944558972637362 1.3314970539489832
1.515287731742364 4.111112863970624
-0.9902412756582839 1.2369195228435832
1.1859634482258208 3.856855879808373
5.00523015807568 7.00502220705261
4.757923314841765 7.109610444235322
-1.1112042592896398 1.0878823308006522
1.1886622701852634 4.125984734232608
-1.2757477469469338 0.7258193086691634
4.939679878910019 6.873369549383536
5.434530181106218 7.002403752572299
5.059640243221271 6.388852451312314
-1.0397850153129324 0.8791557087797585
4.677474773330375 6.856322290325951
-0.9791956743701631 0.9941707777703511
1.8224020252734225 3.9196950178989627
4.710622038062082 7.057857541399659
-0.6937887072028804 0.8009942653983985
4.881825079930683 6.892146841822983
1.5394839751996852 4.0109621624156615
1.1213331387996779 4.132500811874485
1.325446568696638 3.688659748886118
1.372786152144551 4.004080693514126
-0.5284432617506898 0.9138823106239115
1.7143595222997838 4.007229069590841
-0.9968025060776766 1.0074908045249327
5.130748976809763 6.9006209537140775
-0.7593989964558837 0.6569689640565823
-0.8655169048137721 0.8314701227451543
5.142665407497615 6.883183735323276
5.622201277252676 7.275592344501959
1.5089346019939383 4.004158435572321
-0.9975374071873662 0.9814394039219447
4.968767823160243 6.68966490510875
1.6330701802404146 4.195127319369962
1.7096178509896685 3.7272460790469237
1.608494110527142 4.068023904206304
-0.8368717297377435 0.9757114582906897
0.985079290609026 4.3086903085492585
-0.8647663973019086 1.155979111909996
-1.0180066729313675 0.9882037191184119
-1.1961758216774638 0.6927577393016651
1.4304954637603589 4.0160009561880745
1.46717148746084 4.0003120097851435
1.5053900705226253 4.069911926902274
5.064508765707251 7.020165116383815
4.494592501519694 6.802850800526211
4.25420016446221 7.293855255792993
1.170049418854591 3.8937762648227316
-0.9583171740918547 1.1058193690937324
5.177329808571008 6.6445982876953575
5.001407513826419 6.998323183788653
1.3690800564917782 4.304324308141279
5.29809599932844 8.021786128272197
1.3611387507155004 3.6823384815250755
-1.0963322156157815 1.0192176781197517
4.801632534214012 7.389493040654991
4.970869382167245 6.953601566595205
-0.9700116303942047 1.0370340880734608
1.5417116764553118 4.168389739251014
4.84377740973077 7.5216198583844545
-0.9506274520956584 1.0267269424314933
4.919254011067862 6.871086631961832
5.402824229364448 6.351146368006411
1.593589997439988 4.213894509144167
1.5700582463933959 4.0116563332555195
1.4510000411937003 4.389150613767844
1.9740707566962943 4.15566933478958
-1.2863308752407023 0.8342936707453115
-1.1480192586610956 1.111133384429376
4.4025644114490445 6.452544007875175
5.6804345590723475 6.33357819408969
-0.8932242076438897 0.9693055202154478
-1.0244413858641628 1.0637291364625936
-0.9109315538791429 0.919406562645185
5.374335544497767 7.232908861616853
4.929978099006073 6.802324759945513
5.134885758134762 6.694961548082384
1.7205860411323475 3.9987785374803795
-1.2308333522305301 1.2266057494543308
1.2733615542565098 3.999105294303349
-0.7699909174608094 1.179511906418235
5.306289373845906 7.0859100793143455
5.1382259180422665 7.561675105746878
5.059977259911079 7.048188863263735
1.5046380854082628 3.9689879912795627
-0.9987580580778007 1.3104670485468044
-1.0827751013491835 1.0856990751266749
1.4591151879114892 3.9499500339234177
-1.030347835183286 0.9574881394437429
-0.6753016641314116 1.193936917203883
-0.8777492150397632 0.9424996594400176
-0.7656566580741289 1.2240014430747894
1.3371035933023552 4.078899814140078
-0.9626660091855849 0.7092002850037877
-0.8914619119834579 0.9224251971031662
1.3654192777461909 3.848561970563634
-1.0686593057146083 0.9536498510985733
4.778185260274476 7.694349397893799
5.491919907632808 6.748925345601739
-0.9062164000488279 0.8972212908316757
-0.660631235859096 1.3208707068906183
-1.1312974723218787 0.6998618043147928
-0.8636197539034751 0.9561493326011211
5.290861225537073 6.868957709788605
-0.9373411416000603 0.9005125921988968
-0.9902471888299854 1.010381088209261
-0.9446338730600465 1.020044943957452
1.7311175156039078 3.95002314109585
-0.8876678102067288 1.0584474565012838
1.5720900485288705 4.389582360611366
1.4110962595400691 4.310434359236836
-0.9017769896903355 1.542445598184501
5.068594030359378 7.300270426053091
-0.9493464806529298 1.00567161007078
1.4919789595330428 3.9540650841652436
1.5220157412323292 4.003267628740502
1.8647872715717908 4.093022264111153
4.970715703308118 6.882622960465263
-1.3330203248599246 1.3086462515212496
4.858443349096257 6.013239737189769
5.027442928557162 7.009480500159975
-0.9637362484297136 1.5631642126688645
1.503326930257333 4.006553973809376
1.4681303431081703 3.9903297607494554
1.5109218398159854 3.8714624083245965
-1.1338741207054401 0.9025269113706015
0.9741701437447321 3.970710353137718
4.934800753646322 7.263941988628964
4.533703421035783 6.762714442754556
-1.0474734010080058 0.8007698782573074
-0.9956718158576177 0.960071425879156
5.108078199151036 6.971905304623205
-1.5534246559727154 0.6357982234594104
4.747984688609643 7.092293331994553
1.4973991997512228 3.989111314081697
-1.355747604411258 1.120034621986358
1.643128079496532 3.71445221922823
-0.63465021016919 1.0141935263192694
1.6734998417371776 4.376621030246359
4.507413210986438 6.616629490423966
-0.7582119753050337 0.871128274524386
5.02936215637287 6.995819185299636
-0.9972977377452753 0.743873506237752
1.4915829571705073 3.9980755866844695
5.031018148341172 7.089217511265735
1.257658111452142 4.109962288336825
-0.7134205104690239 1.1418929835632448
5.0117324893567465 6.979691136401448
4.621125406577364 6.693539746488515
5.322384567774423 7.3901683719810904
1.2299770113786561 3.8680484118660945
-0.9990951278987298 0.9875248964557367
4.6431669638674915 7.511484263258382
-1.3641171735158926 1.5396178761272246
5.133828013961332 6.981786720500835
5.016127434853511 7.098176939308668
-1.0292094861593497 0.7855769750423781
4.945102737210802 6.859807414837061
1.6720273554422607 3.8624121968892395
5.558829963657441 6.747111793172088
1.6160233148706433 3.9382852053671176
1.4899030890072305 4.204108183922809
-0.8676194290095334 1.1150076739172652
4.8721125163680785 6.729039461102014
1.2340764695105557 4.012928906425324
1.2777677015561213 4.241751363387086
4.52829704177327 6.8492441722769435
-0.9096188827225191 0.9833168022861308
-0.9562433304770424 0.9013539971547799
5.459212817241919 6.109546408055157
-0.8529418018635759 1.3179937110449673
-1.0222808617981576 1.0692548694457134
1.6773171250213788 3.9038620142791425
-0.8564084150203041 0.962757458081479
4.786183886062606 7.069435655152633
-1.2503039775602793 0.964409030739376
-1.3548152797425606 1.0352646885839412
1.6562768639547953 4.211817343472937
4.719449125048719 6.777456947848143
-1.0192170875485942 1.0116226452897847
-0.7840707659089052 1.1373606919132648
4.57342777932779 7.409241470094072
1.2172719632749827 3.7867786517791635
1.4844128763070754 4.02445305201545
1.5541055394855763 3.9711951776095904
-1.281204916383571 0.6748516157504749
4.825923097960869 7.004857615886049
1.2115005251920035 4.437630417399178
1.5023284049889125 4.000432971506214
4.8594898456131865 7.4689795200182045
4.833302412836214 7.196789470796103
5.005165222472929 6.8932735687005895
-1.07022635718124 1.2938800559215309
1.5105820526887395 4.040502161803708
1.1924672586569751 4.211332458001497
1.5225248968477838 3.733485989886113
-1.036780506270852 0.9801644427242905
4.450209520525045 7.400322168728581
-0.8523183090618575 1.6117460364995138
1.4670590266984365 4.011527162434027
1.5435006944695178 3.976673266090595
1.3117936699258383 4.10476287939678
1.5543260151846983 3.962464240949879
-1.2829486593513146 1.051022130523041
4.973968907201825 6.975635528795799
1.3063630612830404 4.144522123664141
-0.9768861466965657 1.033743835347711
4.73229798947039 6.105333261121546
5.274742937773868 7.1188731945034185
5.594590745847433 7.034250739320487
1.5388315901991394 4.014090706907787
1.18480634925725 4.253673425924096
1.3688150243215957 3.5913498575429292
-1.0145170869536924 0.9975980050486214
-0.9153827462759189 0.7509931335006224
5.785775722216177 7.056994588513487
-1.0290627283886604 1.0654898649501259
1.4833779642831515 3.885158393192228
1.375746946875349 4.050463024916797
4.706938058429727 6.449040400343966
-0.8571146040712836 0.736194542548481
4.976904377709073 7.148142320796094
-0.28852334507504396 1.48145127148683
1.5506936827456004 3.7858130303860524
1.5319489640581676 3.958857124726169
1.4265105060695868 3.8573890706002527
4.967193256145149 6.844067773290738
1.4956781577467426 3.9930281049830465
4.402755651950974 7.44417483554541
5.153038289568948 7.109067727768513
1.554413378659183 4.038788716589891
4.891874627586828 7.01795475443651
1.5659254093708477 4.038356105388133
1.8002126541806076 3.8640915396861755
-0.8950174806965098 1.0728212000125648
-0.8521796228779865 1.189139403071894
5.133679722283398 7.079079936409683
4.992602348752508 7.060002201308595
1.5524033670452935 4.2246458602599
-1.0863011905228976 1.5000405669259258
4.958318363881856 6.797732739849781
1.5568600315394319 4.321403443574696
-1.343799428911104 1.3872761916386378
5.337142492316523 7.034988428593811
4.442975637618569 6.7445617649720795
-0.8370906229275432 0.7906268778225155
1.4806089009414112 3.766068501451794
5.052435953518671 6.948336702104274
-1.1154419819987678 1.0568420483091092
-1.241796293918908 1.6858864052098737
1.7878656655699885 4.242598195049747
-0.7747203383984212 1.1811401354519213
-0.9359189036062785 1.1525622211200408
1.4341207750434246 3.936328295357133
-0.9661960053053497 0.8035259770719985
5.305515049427091 6.915025384869627
-0.8246657483821495 0.7681784886757045
5.5363358351074945 6.87953995738443
-0.869842948767327 0.9833337801251196
-0.833700055132541 0.42976767025500495
5.675270219556261 6.668039427690249
1.5132763780406056 4.067844455394628
-1.0689833269609124 1.3613514022607096
5.42321892820493 6.615237815277666
5.340787228048678 7.112128360231459
1.5632917176604775 4.16610405962345
5.486558096697342 6.83149261401752
-1.2296695286530488 1.13639742718418
5.0526741649292815 6.80462350086488
-1.026899209301278 0.7320938955601374
-1.3322487896278818 0.554566126114574
1.4791994518014928 3.95505802424235
4.840781212130803 6.979402614680322
4.3253344534804326 7.244685060540653
-0.8164750874146706 1.3552951289291413
5.023210565503902 7.036181411651017
5.040880484188587 6.5391396362216785
4.706684223471623 6.73578693252275
1.5739329539310543 4.05327585726741
1.4752601171054898 3.994463672769062
5.158211044596689 6.9506038339652285
4.995627540605855 6.952872217514615
1.1674517523589047 4.068274146557952
1.4735622712626055 3.963860338776289
4.606684535761139 7.275681771182687
1.6492521103352238 4.043588310973237
1.5009256479383044 3.8752826562987126
1.5248292436017359 4.0213698231919315
4.87043092808244 7.014970783374092
1.4328826328904307 4.042268827700382
4.936529770471933 7.061254836396405
-0.8452100927647528 0.8390335816092497
5.077730393064213 6.781898930700287
4.992229078514394 6.941173517785406
4.992959611408088 7.000629571794113
4.606987470178286 7.1083852885805285
1.4419787059134102 4.037273480445526
1.1696502684273236 3.926503775009884
5.49738317518971 6.079767851719596
4.851186813006794 7.208327273601932
-0.6084021197930377 0.9567932918557914
4.273557181744847 7.300431560349587
1.584384228604307 4.194916988633792
5.19729825099913 7.334758106940286
1.8017038668844885 4.069025108519864
-1.1532949258107401 1.0850175123944836
4.6118739318460555 7.316122099486543
1.4508148274815345 4.371355378832542
-0.7318741572091245 0.7528737690454204
4.464154170224906 7.44765541998806
-1.0200214878680758 1.2970834127188462
4.271232811902241 7.898818911347642
-1.008068331542855 1.1154443741996567
5.406834968399161 8.172273438379966
-1.1904130954629628 0.7669180427542264
1.5778683345557603 4.201814157966699
1.6074375162661323 4.174131316033257
4.833120796283049 7.991790303184944
4.631296158505164 6.769591327196134
-0.824886624006117 1.0938323010823052
5.1283221539894175 7.007199698213555
5.735777298734056 6.770065625531378
5.049454849736311 7.048050480294197
1.5378965827557438 4.073288891572728
-0.9403106470767746 0.9152725020471483
1.4062486594079535 4.112761465491053
1.4931763679632637 4.013096151292594
5.421037241413997 6.950140241243493
-0.9977659523454994 1.0196673217565264
4.9947617159849145 6.37887965510821
1.654305787456927 4.001734875770037
1.5532544042175047 4.01286328950761
5.558717816229666 7.670401855830808
-1.504379481574932 0.9095699159229798
-1.1968604316627824 0.36951880095911127
1.5049158124692863 3.762611509443262
-1.070585387039121 1.2053645257306496
5.343474886233455 6.894132435008252
-1.0022058117512909 1.0317269041844142
-0.9918414486800303 1.0262783928276866
1.548039340054043 3.9898375469684044
1.5231416889579492 4.122560833125422
1.3685897148205604 3.974124663065675
4.8915199345501055 6.435587751930795
4.895176681477553 6.966253172377902
-0.6885832302236297 0.775300682579001
1.0678205636630183 4.292245163255655
1.8085398840124387 4.308824371942426
-0.5939753418824768 1.2398269699627866
5.129499580362128 6.919066652155375
1.297425653255326 4.164586598171814
-1.0305251024615172 1.11162153662381
1.4827078597957022 3.97362369281621
-0.7804020466682297 1.1980947238988833
5.123416579876746 7.020586114643895
5.214738878099752 6.543305727416817
-1.2239411538584617 1.57056923101374
-0.4850919744598169 1.0887480319259284
-0.988377530343756 0.8499761023268327
5.012502111884214 7.033618219960928
-0.7298909613323943 1.2035911259313037
2.012462240456426 4.045544523093975
5.003722768011015 6.9202162072314435
-1.0982459869554775 1.0172297633780742
4.923499637486296 7.089257381133255
4.822163801022568 6.9674921579554105
4.37982368524239 6.672876314305122
-1.2793763970328904 0.9707786029201274
5.108657820278465 6.606781826345506
5.042620616352007 6.988937067541221
5.157348185219274 6.968151534736369
1.1022002485145657 4.327798730802938
1.8516453800331965 3.810953408145846
5.177809584644071 7.051527829007287
-1.0162852390175103 0.16682025463806527
5.193962317418052 6.824787705399584
1.5127971735675423 4.042599341394959
4.784921930695614 7.1597576804350505
1.5580345300500815 4.221962562806243
-0.9525954571921699 1.1402707266229857
1.47886177402605 3.9826448430464647
5.54538333809246 6.4815658626220065
1.386749350290332 4.028699450695211
5.160066864163456 7.445891648627905
1.6206507626708004 4.138258796429105
5.153533102984176 6.885895838536514
5.931015337287815 6.745757911316555
5.0932289883839434 7.197080110581887
5.416556786548163 7.308450947118771
5.1693369867632555 7.238316665301652
5.027763368754877 7.039783482180364
1.493153078372144 4.028656951863784
-1.4947636457011848 0.7491020318679359
-0.6859013068975188 1.3802380334865807
-1.1060496849516726 1.1577712469896349
-0.9497380050272004 1.1229186506571331
5.657541796572074 7.201163099214968
5.31237382241948 7.183171547881122
1.5034159182970857 3.859845063521227
1.4752734497546307 4.272758642286922
4.962566546699345 6.988968119595488
1.4511039565416444 3.9719311793502334
4.929813279343581 6.441546422321422
-0.9963858492474525 0.9884617566743695
1.3921066379354243 3.760228646889599
-0.9409870954278547 0.6702424544021203
1.4568437732796122 3.7315285579091446
1.3181253860852513 3.8386907732942506
1.5039735540851416 4.235429598654759
-0.963068327363789 0.9550086665344111
1.506473787189742 4.193653100290408
1.5365922842226727 4.042384151267492
1.5051993724653452 4.269751964375633
1.2025395781589583 4.210032082666896
-1.0594517603221971 0.9256815175390457
1.4931852992299084 4.01734917774034
5.045827869376821 6.950365883013672
1.3681226707440446 4.200408669636447
-0.8798923053242476 0.792866626937641
-0.5401274173538251 1.1588689334281899
1.5118766980010565 3.969092494932676
5.167229615407082 7.252933260319423
4.577017776945867 7.252346425452877
4.994645771691746 7.0180380663689395
5.020162058097671 6.978823556072585
1.361941371393388 3.8315899277697354
1.544445715010793 3.965301713863767
-0.983608725479451 1.1532785394410847
1.4813577585001596 3.9974880721910457
1.0530603908493583 3.6448517198680865
1.386683509966586 4.112012834745731
-1.1377787876231584 0.9885590948183852
-1.0859722475661613 0.7419722156708373
1.4982274937259126 4.0777474419786595
-0.8249263885893977 1.2736423707048974
1.1852271881006602 4.0177950419349004
-0.8184611959977144 1.0337177760513954
1.4243803866178453 4.015748019566163
1.4395016019201166 3.943950033561747
-0.6316047469497994 0.5556564965095572
4.23750503904761 7.048080856801705
-1.0035317175987317 0.9576282559197824
-0.9330820235540385 0.8996117285242485
-0.9913088532267764 0.42989712172084604
-0.5237717462013924 0.8086334849379594
1.6039704372712018 4.045046418435765
-1.245018629503124 1.3269755380684822
1.5395447658269483 3.939238270122167
0.9949048966090184 4.208240024360071
1.6907066818087584 4.195888178297151
1.6312975202743398 4.1400590175302625
1.4501973050236172 3.977358824907541
1.471392761737007 3.926047247070195
-0.5731914950337149 1.4804854660125133
4.640242692326725 6.873512395251443
-1.0880460010864454 0.739541982642588
-1.1226642817971377 0.9260854645861378
1.6115264703979129 3.95417143864908
-0.879124532830629 0.9956273607661127
1.6165512598057792 4.059976441992644
4.589891627468973 6.513963751421499
1.3945620703708501 4.01090214675651
4.9744464299616915 6.931716640685886
4.669017603898699 7.407924197400252
1.4638384427264284 4.002943188048322
4.591411290281991 7.755247992786972
-0.8843454057386086 0.9783109054573725
-1.1756082840269304 1.0120515406877346
4.829349423803647 6.796601974637667
-1.0882854826220831 0.7867523343941707
1.658596071186536 4.00992330481102
5.422747463085108 7.195570392423979
-0.9780285756499995 0.9622841382516254
1.385160351301509 4.100942870643184
5.00100114057809 6.9798566870964365
1.5943664387222023 4.187815855236061
5.463332705185911 6.707859952063842
-0.9798008558824218 1.2202519458241854
4.848183036782769 7.304686191649941
-0.9474143529788286 0.8757250445065715
-0.7270861319253613 0.9289158289441569
4.5634586733257105 7.380609882340869
1.4928469044961745 3.8818505737952362
1.3296376830528076 3.6578931626008853
4.922040006977816 7.011017167649096
1.5371727817981033 4.026229656703447
-1.0395876901165744 1.3260906042865945
1.320353108511651 3.6412061373231754
4.86219956406507 6.938065047426546
-0.8933531100827556 0.5051227581220168
5.0657462964616 6.799918380719709
4.407249080950508 6.97348056066236
1.4917220766156853 3.9229696292998884
5.07956624079663 6.5267841180012525
1.8285428269212818 3.972719414929597
4.993655052807535 6.984169902220301
1.6790235872063897 4.041446984696955
1.2906568305200758 3.90827994665596
-0.888163145858839 1.1145341068018169
5.576942581182873 7.1902922702670695
1.067157668628971 4.040063537454819
-0.7434840129904275 0.917982955588272
4.678803221236053 7.021694611359721
1.516385648926311 4.156609718034543
1.5078149889478256 4.0012749440313735
-1.0013027976818933 1.5780603782853708
1.723614636749301 3.890538628322344
4.65231986586784 6.746903749992011
4.807562246380758 7.587228828983258
1.492741686343421 4.149204202756596
5.215846275581094 7.225907538295163
4.465644590932923 6.819931353589236
1.27658053852433 4.1721052519683575
5.093846264185469 7.393727663870278
1.097841763099239 4.143506679556221
1.4451707038532675 4.010307280077386
1.4855097611092138 4.00591748090406
-0.9629747898960882 1.0509208797750904
4.991858974291808 7.074190720755225
1.5988894118518955 4.022580526801025
1.4591354254806903 4.251934219553666
4.787728542611304 7.110652126502069
5.047795830291081 7.18517281886821
5.147691325540462 6.971182616358683
5.26243586307888 7.073417747186119
4.928886365890771 7.026058270646258
4.862039904613862 7.028934217596998
-0.8800395045020207 0.7602599701520975
-0.9055946809567873 0.6622123248673153
-0.9793357469214887 1.2532466031614689
-0.3712659595372012 0.935093671072126
-1.2016245551000722 1.067437779946174
5.037658791999753 6.9705092147335845
1.4704205585461885 4.016566246744016
-0.9297282256026212 0.9591790830406689
-1.2471335921541586 1.0808792037114952
-0.8520569384218021 0.8382583783685763
1.5610386904496665 3.8982668656858768
-0.811520065486351 1.1138776926853182
-1.0504556593689578 0.8922598181206159
1.342819413693621 3.505317594445921
4.8406832549042695 6.559778019760954
-1.012924068829694 0.8631162053730741
5.503716888879025 6.837526773139491
-0.9370531470212609 0.9401143484854037
-1.0402677922875407 0.9719309800651943
5.309545646931937 6.859629638976763
4.840438450583174 6.86562033753165
1.6041586286490876 3.702301666481367
-0.9550245127049004 0.7033879998782233
1.492143527159698 4.002480123540705
-0.9960492889891256 1.0053635225033013
5.3879336671771005 6.934603213186646
1.4970482708337967 3.836617976771444
1.4912715632072917 3.986942617516022
-1.1489746207592426 1.085855222094452
5.4515137351967375 7.164626473947501
1.4973306835775344 3.9564574203086784
-1.6512065795258406 0.6456051258951478
1.6762988036528292 4.108886232499055
4.8484851347672855 7.1545666898365425
4.970020272966916 7.190846368731845
5.049279805550701 7.013336347518988
-0.9742236994993134 0.8933763144944369
1.5354223857410696 3.9746153531315906
4.617025300282726 6.749078308968839
-1.2461839002238317 1.295483605519593
1.2746734448119672 4.1423235046051206
-0.9729029740874586 1.0280992785918588
-0.9670987185911668 0.8683414444510192
1.465815268797162 4.134198611709233
5.022340695327302 6.816662248820704
5.026012448384375 7.1403206070501595
5.266009794212889 7.162726543733411
1.4336438606093727 3.89063800691647
-0.9873159161426208 1.0438962229696307
-0.9230056830059485 0.9917179729800366
-0.7312962388464599 0.8404396945212962
4.9109000174259645 7.215786232020517
-1.2178414680362073 1.3726192503319368
4.8369238908338295 6.944513037884542
-1.0052736901655546 0.8133926917913047
1.747166060612529 3.828608245133712
5.03063118196246 6.9754016761109545
-0.7033142419933267 1.2067528367407423
4.820602045404613 6.941082968891359
1.5806404517833323 4.042502919215418
4.604405216011926 6.501460330631043
-0.9566581784246504 0.8147654384805042
1.31773244357185 4.039797970473819
5.189748351771086 7.1603351300342055
1.4125978942504673 3.9111778097829872
4.735696755850806 7.282600213226119
1.5345499820271282 4.082625507776267
1.466707195737806 3.9385004089467373
1.4146792908677437 4.03578929805882
-1.243161105173861 1.6270929797009375
4.981478226865582 6.993797984383679
1.670026871659723 4.3697567624856815
-0.9045709953934743 0.46180662206087075
5.028002664103437 6.944488962915217
5.077060205494345 7.215581813703985
1.518534228202799 3.8731754048215694
-0.8735615130245749 1.110281360160885
5.375326433636767 6.750768910714481
-1.0071672120482498 1.0902830389719063
-0.9993727552856534 1.026217975460011
-1.0118197009532095 0.914700419386109
-1.0845093137353883 0.8746467718137142
4.966240915886239 6.984765010033968
-1.0010487557619594 0.999972762698495
5.237436630235141 6.579080157524068
1.5117917840821147 3.801022183835722
-1.0619580618606301 1.0177885600121763
1.751644532135722 4.102356824862012
5.7370919550986565 6.884585257033718
-1.0988648181056564 1.2084605048159685
5.287983509028139 7.270311018576089
1.6014280496538222 4.027652553924799
1.5453800986821227 3.9966022300129844
1.6874421861316344 3.58370760778215
-0.953261283611792 0.87030308973515
-1.0112340319859103 0.9426308583696252
5.232577702990072 7.518896788814769
5.049646299859303 6.852346118665614
-1.0182776700284533 1.0060321499813425
5.0637911367745145 6.297700497615917
1.6401177673938627 3.783747013299351
1.5676124850766822 4.011157015733869
5.394128816070146 6.876701386995116
-0.7809355413315349 0.9366373613437267
4.860124654407336 6.719363074136663
-0.7836073867992245 1.1777691631270788
5.161240389219842 7.3953360102731915
-0.7254486833841876 1.2950728459586824
-0.7519089364822188 0.48698070241244873
4.977245960381825 6.803954772456687
-1.2848044931775382 1.1873154099316185
-0.9685260015274076 1.0012308529824863
4.802361507239829 6.347581033684166
4.9910852578288045 7.00134075100513
1.4894229814418465 3.983659135860025
4.846379703013722 6.962070393150234
1.321309980818388 3.6740870371964323
4.964298815624746 7.0221706945874836
1.5302866737589997 4.056595818241705
1.1741116809228398 3.886120567600358
1.4873086785129934 3.9546489380566356
-1.2681574736694579 1.1970455993718359
-1.0000538946335507 0.993477735363053
5.289042496543473 7.272604300578041
1.4525621625015994 3.7546121651988025
-1.2064781975019014 1.3308997472002597
1.9622798747790475 3.871223371899088
-1.0270170302785568 1.081942718410272
1.484947781509225 4.1445200663159305
4.920771390995006 6.70258709034046
-0.9867882885468433 0.7567753349687956
-0.9811650991662512 1.0839323229546558
5.001032304495352 6.89766768367248
-1.037403600216355 1.158804732379022
1.4787195277516434 3.973107121263883
4.947193567191763 7.293758919016391
1.5189525643171338 3.9580572633721625
4.805736031670247 7.095768134768822
1.3500184904199355 4.0438001506526255
-1.1163116740960792 0.8492582708927542
-1.2749512243882133 0.9619832609766659
1.5003721552069909 3.9962459503058265
-0.9935018108196656 0.9978096209703236
5.502270008423666 6.293525410957058
-0.9612818994138078 1.0090740054185912
1.4182306010380827 3.9461928567250486
1.6772559872771688 4.037778572521153
1.6965288732244788 4.0776796475060975
5.642519670372277 6.860831496706698
5.414542833086905 7.2119118635412285
-1.071165198082359 1.0594499605735266
4.869667122690596 7.383742118807285
4.877279278829787 6.695146561026278
-0.9748109828193241 1.1754160114479706
5.227895690051095 6.886739845662071
4.783682288259099 7.144780985585965
4.299603022805675 7.081472398430074
1.221900833077406 3.737586820889341
5.238968823823465 6.841852193154387
1.3769745517665266 3.7383607930421268
1.4678803030978136 3.995843465315678
1.5718301618114372 3.9265805446570154
1.226975046856531 3.6202084098928573
1.4843448044236542 4.085040649503904
-0.9921957047352067 1.4836230034027933
-1.1955658672567915 0.5634760016646478
1.6265919913842388 4.121448933190433
5.792787446866323 7.172000895354926
1.1023042726305758 3.947917386969697
5.131089963348258 7.434799936645655
-1.3542115926066802 0.8553630697660352
-1.1114490722913353 0.7699365357905589
5.116031008466388 7.071885076512433
1.4700301986605693 3.978435290785995
1.3669914802547727 3.623771427245694
4.169351559922424 6.832816549953688
5.450718999125832 7.010826453009147
5.028043481907344 6.756828736496629
1.4836944515531016 4.009195035020995
4.9896548463193335 7.163858860103865
4.955128427151372 7.205210263464387
5.175627748457985 6.077138828424043
-1.4165955503415864 0.9287282633652563
-1.1761306937778158 0.9143296268970624
-1.082028520099179 0.9066611641996573
1.4961920050183146 4.251328622318282
1.5935086359557133 4.176412157150393
1.4136055507103482 4.268219871581816
1.5589951603407133 4.124314319333168
5.063481979098714 6.603108825995667
1.438935165014618 4.236918502518296
1.5400753750637073 4.024347374864978
-1.2515847528259754 1.2681346510023177
1.1180326868097175 3.988057257250826
4.9962153123211905 7.001195766413935
4.569549861142547 6.442334146911695
1.497494594156355 3.98775396249701
4.8747687912247395 7.0598191201962175
-0.6885150462367033 1.261669454582359
1.225630432118407 4.656418943030158
-0.7777599425293441 0.8058908913659191
5.178826032626979 6.388121909883272
4.58971724474551 6.733245932412813
1.6637034486635354 3.3358679969517837
5.322835289141398 6.3459362345818695
4.622973329992068 6.6522116610906705
5.151673582713873 7.056050245627494
-0.6870796987036536 1.480771227477125
-0.8093227545469748 0.9537678505284201
4.976735646822624 6.985812092832821
-1.119979426735643 0.9462971437761684
-1.0026556941515545 0.8824695764046806
4.889895173798616 6.717307662089759
1.5728808303588375 3.774061031081066
1.2543546699039916 3.953090444103636
1.4856097692308148 3.9172934130092893
-1.4510016902203708 1.4308220240104368
-0.8684957690265178 1.1393454745806229
5.019016001256912 7.712478791317745
1.2743384310018382 4.148934272543655
5.018219796204247 7.021424355875703
-1.0198671213966815 1.3154463400672565
1.4511541710517017 3.955753711899102
-1.0752749685431062 1.1248653183711341
4.978062372694995 7.2150503213139
1.6644215553575814 3.7079862689153145
5.191195911492655 7.339770404330132
-0.9212644180383858 1.1811982190377495
4.803554853927382 7.032895458800228
-0.27553539424869566 1.4995327919021357
1.3772155484331094 4.075195599552419
-1.0266948509450102 1.0520189344498299
-1.0693441551777987 1.0256191868783362
1.5088337759880095 3.9391271139830804
-0.9369377188011019 0.5807371056719204
1.3091167582295642 3.9146341719329905
-1.0011905831090233 1.000944301911977
4.693701232710523 6.965158447205785
-0.9662965883347661 0.9226587252160999
1.351326479181434 4.083310385366731
-0.6649371856070878 0.3369785651774565
1.4287615714789808 4.477405402806584
-1.153560969663957 0.7525773332505108
1.6242804185965118 3.927650227132593
4.589965986348379 6.735502066950633
-0.592850281297024 1.2768323142093734
-0.9598785663076492 0.8633576760383129
4.755150318386749 6.721975314123829
5.4513873712178675 6.737357120788444
5.363838868221198 6.514559930774369
1.5079021398406822 3.9376277892012252
4.366373235910474 7.041986504147667
1.7720617720389131 3.895810001957728
-0.5211509672581925 0.9936373128898928
1.5202976071104637 3.8833337459279877
5.305382070887676 7.797386785163581
-0.971826304136927 0.7828261610602454
5.0789578008876894 7.055687069566005
4.773984391479122 7.08392115600474
4.429010131712668 6.760807441107755
4.31061926874433 6.919097356177478
1.3221679906256414 4.139907262122904
-1.6324532361418196 0.9774180119356728
1.5175984757463419 4.011649753342148
1.5055412259765957 3.8065120361661875
1.5456987997529268 4.204389889393169
1.2266137429761743 3.8691986440084714
1.529056381038159 3.9277350641545246
5.012811664702665 7.036830130657088
